// 20 x 20

std::vector<std::vector<int>> cost_matrix = {
    {INF, 15, 18, 23, 13, 21, 17, 12, 20, 16, 24, 11, 19, 14, 22, 25, 10, 16, 18, 13},
    {15, INF, 19, 16, 22, 25, 11, 18, 24, 15, 21, 13, 17, 20, 12, 14, 23, 19, 15, 21},
    {18, 19, INF, 24, 15, 18, 23, 16, 21, 14, 22, 12, 20, 13, 17, 19, 11, 24, 16, 22},
    {23, 16, 24, INF, 17, 14, 26, 18, 22, 13, 20, 15, 12, 21, 19, 23, 14, 17, 25, 11},
    {13, 22, 15, 17, INF, 22, 13, 19, 17, 21, 12, 24, 16, 18, 20, 11, 25, 14, 23, 19},
    {21, 25, 18, 14, 22, INF, 15, 23, 14, 20, 16, 11, 19, 12, 24, 17, 13, 21, 18, 15},
    {17, 11, 23, 26, 13, 15, INF, 17, 21, 11, 23, 18, 14, 20, 16, 22, 19, 12, 24, 10},
    {12, 18, 16, 18, 19, 23, 17, INF, 16, 22, 13, 19, 21, 15, 11, 24, 20, 14, 17, 25},
    {20, 24, 21, 22, 17, 14, 21, 16, INF, 15, 20, 12, 18, 23, 19, 13, 11, 25, 22, 14},
    {16, 15, 14, 13, 21, 20, 11, 22, 15, INF, 19, 23, 17, 12, 24, 18, 20, 16, 21, 19},
    {24, 21, 22, 20, 12, 16, 23, 13, 20, 19, INF, 16, 14, 18, 15, 21, 17, 11, 23, 12},
    {11, 13, 12, 15, 24, 11, 18, 19, 12, 23, 16, INF, 20, 22, 17, 14, 25, 19, 13, 21},
    {19, 17, 20, 12, 16, 19, 14, 21, 18, 17, 14, 20, INF, 15, 23, 11, 22, 24, 16, 18},
    {14, 20, 13, 21, 18, 12, 20, 15, 23, 12, 18, 22, 15, INF, 19, 16, 13, 21, 17, 24},
    {22, 12, 17, 19, 20, 24, 16, 11, 19, 24, 15, 17, 23, 19, INF, 18, 14, 20, 12, 22},
    {25, 14, 19, 23, 11, 17, 22, 24, 13, 18, 21, 14, 11, 16, 18, INF, 20, 15, 19, 13},
    {10, 23, 11, 14, 25, 13, 19, 20, 11, 20, 17, 25, 22, 13, 14, 20, INF, 18, 16, 21},
    {16, 19, 24, 17, 14, 21, 12, 14, 25, 16, 11, 19, 24, 21, 20, 15, 18, INF, 22, 17},
    {18, 15, 16, 25, 23, 18, 24, 17, 22, 21, 23, 13, 16, 17, 12, 19, 16, 22, INF, 14},
    {13, 21, 22, 11, 19, 15, 10, 25, 14, 19, 12, 21, 18, 24, 22, 13, 21, 17, 14, INF}
};

// 15 x 15
std::vector<std::vector<int>> cost_matrix = {
    {INF, 15, 18, 23, 13, 21, 17, 12, 20, 16, 24, 11, 19, 14, 22},
    {15, INF, 19, 16, 22, 25, 11, 18, 24, 15, 21, 13, 17, 20, 12},
    {18, 19, INF, 24, 15, 18, 23, 16, 21, 14, 22, 12, 20, 13, 17},
    {23, 16, 24, INF, 17, 14, 26, 18, 22, 13, 20, 15, 12, 21, 19},
    {13, 22, 15, 17, INF, 22, 13, 19, 17, 21, 12, 24, 16, 18, 20},
    {21, 25, 18, 14, 22, INF, 15, 23, 14, 20, 16, 11, 19, 12, 24},
    {17, 11, 23, 26, 13, 15, INF, 17, 21, 11, 23, 18, 14, 20, 16},
    {12, 18, 16, 18, 19, 23, 17, INF, 16, 22, 13, 19, 21, 15, 11},
    {20, 24, 21, 22, 17, 14, 21, 16, INF, 15, 20, 12, 18, 23, 19},
    {16, 15, 14, 13, 21, 20, 11, 22, 15, INF, 19, 23, 17, 12, 24},
    {24, 21, 22, 20, 12, 16, 23, 13, 20, 19, INF, 16, 14, 18, 15},
    {11, 13, 12, 15, 24, 11, 18, 19, 12, 23, 16, INF, 20, 22, 17},
    {19, 17, 20, 12, 16, 19, 14, 21, 18, 17, 14, 20, INF, 15, 23},
    {14, 20, 13, 21, 18, 12, 20, 15, 23, 12, 18, 22, 15, INF, 19},
    {22, 12, 17, 19, 20, 24, 16, 11, 19, 24, 15, 17, 23, 19, INF}
};

// 12 x 12
std::vector<std::vector<int>> cost_matrix = {
    {INF, 15, 18, 23, 13, 21, 17, 12, 20, 16, 24, 11},
    {15, INF, 19, 16, 22, 25, 11, 18, 24, 15, 21, 13},
    {18, 19, INF, 24, 15, 18, 23, 16, 21, 14, 22, 12},
    {23, 16, 24, INF, 17, 14, 26, 18, 22, 13, 20, 15},
    {13, 22, 15, 17, INF, 22, 13, 19, 17, 21, 12, 24},
    {21, 25, 18, 14, 22, INF, 15, 23, 14, 20, 16, 11},
    {17, 11, 23, 26, 13, 15, INF, 17, 21, 11, 23, 18},
    {12, 18, 16, 18, 19, 23, 17, INF, 16, 22, 13, 19},
    {20, 24, 21, 22, 17, 14, 21, 16, INF, 15, 20, 12},
    {16, 15, 14, 13, 21, 20, 11, 22, 15, INF, 19, 23},
    {24, 21, 22, 20, 12, 16, 23, 13, 20, 19, INF, 16},
    {11, 13, 12, 15, 24, 11, 18, 19, 12, 23, 16, INF}
};

// 17 x 17
std::vector<std::vector<int>> cost_matrix = {
    {INF, 15, 18, 23, 13, 21, 17, 12, 20, 16, 24, 11, 19, 14, 22, 25, 10},
    {15, INF, 19, 16, 22, 25, 11, 18, 24, 15, 21, 13, 17, 20, 12, 14, 23},
    {18, 19, INF, 24, 15, 18, 23, 16, 21, 14, 22, 12, 20, 13, 17, 19, 11},
    {23, 16, 24, INF, 17, 14, 26, 18, 22, 13, 20, 15, 12, 21, 19, 23, 14},
    {13, 22, 15, 17, INF, 22, 13, 19, 17, 21, 12, 24, 16, 18, 20, 11, 25},
    {21, 25, 18, 14, 22, INF, 15, 23, 14, 20, 16, 11, 19, 12, 24, 17, 13},
    {17, 11, 23, 26, 13, 15, INF, 17, 21, 11, 23, 18, 14, 20, 16, 22, 19},
    {12, 18, 16, 18, 19, 23, 17, INF, 16, 22, 13, 19, 21, 15, 11, 24, 20},
    {20, 24, 21, 22, 17, 14, 21, 16, INF, 15, 20, 12, 18, 23, 19, 13, 11},
    {16, 15, 14, 13, 21, 20, 11, 22, 15, INF, 19, 23, 17, 12, 24, 18, 20},
    {24, 21, 22, 20, 12, 16, 23, 13, 20, 19, INF, 16, 14, 18, 15, 21, 17},
    {11, 13, 12, 15, 24, 11, 18, 19, 12, 23, 16, INF, 20, 22, 17, 14, 25},
    {19, 17, 20, 12, 16, 19, 14, 21, 18, 17, 14, 20, INF, 15, 23, 11, 22},
    {14, 20, 13, 21, 18, 12, 20, 15, 23, 12, 18, 22, 15, INF, 19, 16, 13},
    {22, 12, 17, 19, 20, 24, 16, 11, 19, 24, 15, 17, 23, 19, INF, 18, 14},
    {25, 14, 19, 23, 11, 17, 22, 24, 13, 18, 21, 14, 11, 16, 18, INF, 20},
    {10, 23, 11, 14, 25, 13, 19, 20, 11, 20, 17, 25, 22, 13, 14, 20, INF}
};